       Draw      Lose       Win
0  0.500000  0.244240  0.255760
1  0.333333  0.197368  0.469298
2  0.272727  0.136364  0.590909
3  0.066667  0.100000  0.833333
4       NaN       NaN       NaN
5       NaN       NaN       NaN
6       NaN       NaN       NaN
       Draw      Lose       Win
0  0.588679  0.237736  0.173585
1  0.378000  0.214000  0.408000
2  0.251701  0.163265  0.585034
3  0.088235  0.147059  0.764706
4  0.062500  0.187500  0.750000
5  0.050000  0.250000  0.700000
6  0.125000  0.062500  0.812500
       Draw      Lose       Win
0  0.757143  0.171429  0.071429
1  0.463183  0.239905  0.296912
2  0.288000  0.200000  0.512000
3  0.092593  0.166667  0.740741
4  0.075000  0.100000  0.825000
5  0.060000  0.280000  0.660000
6  0.128205  0.153846  0.717949
1000

-------------------------------
       Draw      Lose       Win
0  0.581840  0.183990  0.234170
1  0.332618  0.149142  0.518240
2  0.147541  0.073770  0.778689
3  0.074468  0.063830  0.861702
4       NaN       NaN       NaN
5       NaN       NaN       NaN
6       NaN       NaN       NaN
       Draw      Lose       Win
0  0.675422  0.168856  0.155722
1  0.402720  0.164226  0.433054
2  0.205479  0.140411  0.654110
3  0.096774  0.088710  0.814516
4  0.185185  0.037037  0.777778
5  0.040000  0.200000  0.760000
6  0.000000  0.073171  0.926829
       Draw      Lose       Win
0  0.833922  0.134276  0.031802
1  0.526775  0.174346  0.298879
2  0.250988  0.164032  0.584980
3  0.135135  0.128378  0.736486
4  0.098592  0.056338  0.845070
5  0.054054  0.243243  0.702703
6  0.056604  0.047170  0.896226
2000

-------------------------------
       Draw      Lose       Win
0  0.538179  0.228341  0.233480
1  0.353116  0.181009  0.465875
2  0.233129  0.141104  0.625767
3  0.126214  0.126214  0.747573
4       NaN       NaN       NaN
5       NaN       NaN       NaN
6       NaN       NaN       NaN
       Draw      Lose       Win
0  0.612941  0.234118  0.152941
1  0.421687  0.189936  0.388377
2  0.268966  0.190805  0.540230
3  0.122807  0.134503  0.742690
4  0.122449  0.020408  0.857143
5  0.000000  0.333333  0.666667
6  0.027027  0.108108  0.864865
       Draw      Lose       Win
0  0.758242  0.197802  0.043956
1  0.519059  0.198702  0.282238
2  0.290713  0.211306  0.497981
3  0.210526  0.177033  0.612440
4  0.084746  0.177966  0.737288
5  0.009009  0.216216  0.774775
6  0.046296  0.148148  0.805556
3000

-------------------------------

       Draw      Lose       Win
0  0.554206  0.206542  0.239252
1  0.343465  0.166739  0.489796
2  0.194357  0.131661  0.673981
3  0.043956  0.065934  0.890110
4       NaN       NaN       NaN
5       NaN       NaN       NaN
6       NaN       NaN       NaN
       Draw      Lose       Win
0  0.637054  0.199696  0.163250
1  0.412151  0.182677  0.405172
2  0.239726  0.164384  0.595890
3  0.081481  0.103704  0.814815
4  0.073529  0.102941  0.823529
5  0.063291  0.113924  0.822785
6  0.000000  0.104651  0.895349
       Draw      Lose       Win
0  0.783593  0.168317  0.048091
1  0.514929  0.190406  0.294665
2  0.290909  0.186561  0.522530
3  0.144118  0.123529  0.732353
4  0.085227  0.142045  0.772727
5  0.043062  0.162679  0.794258
6  0.013333  0.137778  0.848889
5000

-------------------------------
       Draw      Lose       Win
0  0.551529  0.212434  0.236037
1  0.341630  0.168637  0.489732
2  0.184855  0.122494  0.692650
3  0.055556  0.067460  0.876984
4       NaN       NaN       NaN
5       NaN       NaN       NaN
6       NaN       NaN       NaN
       Draw      Lose       Win
0  0.636017  0.202938  0.161045
1  0.411182  0.186080  0.402737
2  0.226824  0.172584  0.600592
3  0.078947  0.097368  0.823684
4  0.065934  0.109890  0.824176
5  0.058252  0.106796  0.834951
6  0.033613  0.092437  0.873950
       Draw      Lose       Win
0  0.774848  0.180527  0.044625
1  0.515435  0.193548  0.291016
2  0.283389  0.189113  0.527497
3  0.133475  0.122881  0.743644
4  0.077586  0.146552  0.775862
5  0.043011  0.157706  0.799283
6  0.028481  0.126582  0.844937
7000

-------------------------------
       Draw      Lose       Win
0  0.537337  0.222447  0.240216
1  0.329173  0.172053  0.498774
2  0.210611  0.131833  0.657556
3  0.105850  0.072423  0.821727
4       NaN       NaN       NaN
5       NaN       NaN       NaN
6       NaN       NaN       NaN
       Draw      Lose       Win
0  0.619013  0.218581  0.162405
1  0.393377  0.187091  0.419532
2  0.235414  0.184532  0.580054
3  0.133333  0.112963  0.753704
4  0.113333  0.066667  0.820000
5  0.064748  0.201439  0.733813
6  0.075342  0.061644  0.863014
       Draw      Lose       Win
0  0.759170  0.188235  0.052595
1  0.495716  0.204162  0.300122
2  0.277649  0.201469  0.520882
3  0.164319  0.137715  0.697966
4  0.094086  0.096774  0.809140
5  0.077320  0.211340  0.711340
6  0.070755  0.094340  0.834906
10000

-------------------------------
       Draw      Lose       Win
0  0.530228  0.221526  0.248246
1  0.344611  0.157036  0.498353
2  0.179136  0.116965  0.703899
3  0.069498  0.086873  0.843629
4       NaN       NaN       NaN
5       NaN       NaN       NaN
6       NaN       NaN       NaN
       Draw      Lose       Win
0  0.616481  0.210971  0.172547
1  0.397778  0.186389  0.415833
2  0.239761  0.149563  0.610676
3  0.109589  0.109589  0.780822
4  0.083721  0.111628  0.804651
5  0.065657  0.126263  0.808081
6  0.052863  0.083700  0.863436
       Draw      Lose       Win
0  0.789376  0.165424  0.045200
1  0.488484  0.199066  0.312450
2  0.276385  0.189916  0.533699
3  0.167006  0.139511  0.693483
4  0.081481  0.151852  0.766667
5  0.059353  0.172662  0.767986
6  0.063764  0.091757  0.844479
15000

-------------------------------
       Draw      Lose       Win
0  0.551136  0.213432  0.235431
1  0.339978  0.169108  0.490914
2  0.190945  0.126969  0.682087
3  0.056838  0.069272  0.873890
4       NaN       NaN       NaN
5       NaN       NaN       NaN
6       NaN       NaN       NaN
       Draw      Lose       Win
0  0.633562  0.202655  0.163783
1  0.410397  0.186358  0.403244
2  0.224829  0.176621  0.598549
3  0.083916  0.103730  0.812354
4  0.071090  0.109005  0.819905
5  0.055556  0.102564  0.841880
6  0.038760  0.089147  0.872093
       Draw      Lose       Win
0  0.776591  0.178905  0.044504
1  0.515658  0.192460  0.291882
2  0.281227  0.193328  0.525444
3  0.129664  0.136194  0.734142
4  0.075506  0.147330  0.777164
5  0.040945  0.151181  0.807874
6  0.035411  0.123229  0.841360
16000

-------------------------------
       Draw      Lose       Win
0  0.541390  0.216916  0.241694
1  0.339422  0.175818  0.484760
2  0.202542  0.130262  0.667196
3  0.080537  0.080537  0.838926
4       NaN       NaN       NaN
5       NaN       NaN       NaN
6       NaN       NaN       NaN
       Draw      Lose       Win
0  0.623873  0.210783  0.165344
1  0.404303  0.190759  0.404939
2  0.240908  0.179513  0.579580
3  0.104464  0.112500  0.783036
4  0.080972  0.072874  0.846154
5  0.054608  0.191126  0.754266
6  0.028754  0.073482  0.897764
       Draw      Lose       Win
0  0.772104  0.179232  0.048663
1  0.505222  0.202973  0.291805
2  0.280000  0.193756  0.526244
3  0.157621  0.141264  0.701115
4  0.071111  0.121481  0.807407
5  0.059041  0.212792  0.728167
6  0.058352  0.124714  0.816934
20000

-------------------------------

       Draw      Lose       Win
0  0.540903  0.217980  0.241116
1  0.339492  0.169200  0.491308
2  0.196331  0.125566  0.678103
3  0.077944  0.079602  0.842454
4       NaN       NaN       NaN
5       NaN       NaN       NaN
6       NaN       NaN       NaN
       Draw      Lose       Win
0  0.624182  0.210388  0.165430
1  0.403018  0.187697  0.409285
2  0.236362  0.172075  0.591564
3  0.105479  0.110411  0.784110
4  0.089617  0.087432  0.822951
5  0.055907  0.164557  0.779536
6  0.043353  0.078998  0.877649
       Draw      Lose       Win
0  0.776002  0.176874  0.047125
1  0.503131  0.199286  0.297583
2  0.278857  0.193934  0.527209
3  0.154866  0.140706  0.704428
4  0.079695  0.130988  0.789318
5  0.055196  0.191473  0.753331
6  0.056207  0.111034  0.832759
67000
